{
  "nbformat": 4,
  "nbformat_minor": 0,
  "metadata": {
    "colab": {
      "name": "Krippendorff’s Alpha 2.ipynb",
      "provenance": [],
      "collapsed_sections": []
    },
    "kernelspec": {
      "name": "python3",
      "display_name": "Python 3"
    },
    "language_info": {
      "name": "python"
    }
  },
  "cells": [
    {
      "cell_type": "code",
      "execution_count": null,
      "metadata": {
        "id": "0pS9w16zs85z"
      },
      "outputs": [],
      "source": [
        "org = [[3,3,3,3,4,3, 4,4,4,3,4,4, 4,4,4,4,4,3, 3,4,3,4,4,4, 3,4,4,3,4,4, 3,4,4,2,2,3, 4,4,4,3,3,4, 3,2,2,4,3,3, 3,4,4,4,2,3, 3,4,4,3,3,2, 4,3,3,3,2,3, 4,4,3,4,3,3, 3,4,4,3,3,4, 3,2,3,3,4,3, 4,4,4,4,3,4, 3,2,3,3,2,3, 3,4,4,4,4,4, 4,4,4,4,4,3, 4,5,4,4,4,4, 4,4,4,4,4,3],\n",
        "[3,2,1,3,1,1, 5,4,3,4,2,3, 5,3,4,5,4,3, 3,3,5,5,4,3, 2,4,3,2,3,4, 3,3,3,1,2,2, 1,2,3,5,4,3, 3,2,3,3,4,2, 2,3,2,1,1,3, 4,4,2,3,4,4, 5,4,4,1,2,2, 5,3,3,5,3,3, 3,3,3,2,2,2, 4,2,2,2,4,4, 4,4,4,2,2,3, 2,1,1,3,1,1, 4,3,4,3,2,4, 3,2,2,4,3,3, 4,4,4,4,1,1, 4,3,3,4,2,2],\n",
        "[4,2,3,4,3,1, 3,4,5,2,4,5, 3,5,5,4,5,4, 1,5,1,5,5,5, 4,3,3,3,5,5, 2,4,5,1,1,2, 2,1,4,4,5,5, 1,1,3,4,5,5, 1,3,3,4,4,4, 3,5,4,3,4,2, 5,4,5,1,2,2, 5,5,5,5,5,5, 2,3,3,1,2,2, 3,2,3,3,4,5, 3,4,5,1,2,4, 1,1,2,1,1,3, 3,5,3,2,3,4, 4,3,4,2,4,5, 5,4,5,5,5,3, 3,5,5,5,5,5],\n",
        "[4,4,3,2,3,3, 5,4,4,4,3,4, 2,5,4,3,5,3, 2,4,3,4,4,2, 3,2,3,3,5,5, 4,4,4,2,2,1, 3,3,3,3,5,4, 4,2,3,4,5,5, 3,4,3,3,1,3, 2,4,3,2,3,4, 4,5,4,1,2,3, 4,3,3,4,3,3, 1,4,3,1,2,2, 3,3,2,3,5,4, 2,4,4,1,3,3, 2,1,2,1,1,2, 3,4,2,3,4,3, 4,3,4,2,3,3, 4,4,3,5,4,3, 4,4,3,5,4,5],\n",
        "[5,2,3,5,4,5, 5,5,5,4,2,5, 3,1,5,3,4,4, 1,5,5,5,5,5, 1,1,4,5,5,3, 1,2,5,5,5,5, 2,2,3,5,1,3, 5,2,5,5,3,5, 1,3,4,1,1,3, 5,5,3,1,1,5, 1,1,3,1,1,2, 5,5,5,4,5,2, 5,5,5,5,3,3, 2,1,1,5,5,4, 1,1,2,4,5,5, 1,1,1,1,2,1, 3,1,3,3,4,5, 3,1,5,3,1,5, 5,3,5,5,2,1, 5,5,5,3,4,3],\n",
        "[3,3,2,3,4,2, 4,2,3,3,2,3, 5,5,2,5,5,2, 3,1,2,5,2,3, 3,1,4,3,2,4, 4,1,2,3,4,3, 2,4,4,4,1,4, 2,2,4,2,2,4, 3,4,3,3,1,3, 4,2,4,4,2,4, 3,4,3,3,3,3, 5,3,3,5,4,3, 3,3,3,3,1,3, 3,2,3,3,4,4, 4,4,2,4,2,2, 3,1,4,3,2,4, 3,3,2,3,2,4, 4,2,4,4,2,2, 5,5,4,5,4,1, 3,4,3,3,2,4],\n",
        "[3,3,4,5,4,5, 3,3,4,3,3,4, 3,4,4,2,3,4, 1,2,4,2,3,4, 3,3,3,2,3,4, 4,4,4,2,3,3, 2,4,4,2,2,4, 1,3,4,3,3,4, 4,5,5,1,1,3, 1,1,2,5,5,5, 3,4,4,1,1,3, 3,3,4,3,4,5, 3,3,4,3,3,4, 3,3,3,4,5,5, 3,4,4,1,1,5, 1,1,3,2,2,3, 4,3,4,1,2,3, 4,4,4,3,3,4, 5,5,5,5,3,2, 4,4,4,4,2,2]]"
      ]
    },
    {
      "cell_type": "code",
      "source": [
        "org_em = [[3,3, 4,3, 4,4, 3,4, 3,3, 3,2, 4,3, 3,4, 3,4, 3,3, 4,3, 4,4, 3,3, 3,3, 4,4, 3,3, 3,4, 4,4, 4,4, 4,4],\n",
        "[3,3, 5,4, 5,5, 3,5, 2,2, 3,1, 1,5, 3,3, 2,1, 4,3, 5,1, 5,5, 3,2, 4,2, 4,2, 2,3, 4,3, 3,4, 4,4, 4,4],\n",
        "[4,4, 3,2, 3,4, 1,5, 4,3, 2,1, 2,4, 1,4, 1,4, 3,3, 5,1, 5,5, 2,1, 3,3, 3,1, 1,1, 3,2, 4,2, 5,5, 3,5],\n",
        "[4,2, 5,4, 2,3, 2,4, 3,3, 4,2, 3,3, 4,4, 3,3, 2,2, 4,1, 4,4, 1,1, 3,3, 2,1, 2,1, 3,3, 4,2, 4,5, 4,5],\n",
        "[5,5, 5,4, 3,3, 1,5, 1,5, 1,5, 2,5, 5,5, 1,1, 5,1, 1,1, 5,4, 5,5, 2,5, 1,4, 1,1, 3,3, 3,3, 5,5, 5,3],\n",
        "[3,3, 4,3, 5,5, 3,5, 3,3, 4,3, 2,4, 2,2, 3,3, 4,4, 3,3, 5,5, 3,3, 3,3, 4,4, 3,3, 3,3, 4,4, 5,5, 3,3],\n",
        "[3,5, 3,3, 3,2, 1,2, 3,2, 4,2, 2,2, 1,3, 4,1, 1,5, 3,1, 3,3, 3,3, 3,4, 3,1, 1,2, 4,1, 4,3, 5,5, 4,4]]"
      ],
      "metadata": {
        "id": "Gb4RmR_O1nwB"
      },
      "execution_count": null,
      "outputs": []
    },
    {
      "cell_type": "code",
      "source": [
        "org_rel = [[3,4, 4,4, 4,4, 4,4, 4,4, 4,2, 4,3, 2,3, 4,2, 4,3, 3,2, 4,3, 4,3, 2,4, 4,3, 2,2, 4,4, 4,4, 5,4, 4,4],\n",
        "[2,1, 4,2, 3,4, 3,4, 4,3, 3,2, 2,4, 2,4, 3,1, 4,4, 4,2, 3,3, 3,2, 2,4, 4,2, 1,1, 3,2, 2,3, 4,1, 3,2],\n",
        "[2,3, 4,4, 5,5, 5,5, 3,5, 4,1, 1,5, 1,5, 3,4, 5,4, 4,2, 5,5, 3,2, 2,4, 4,2, 1,1, 5,3, 3,4, 4,5, 5,5],\n",
        "[4,3, 4,3, 5,5, 4,4, 2,5, 4,2, 3,5, 2,5, 4,1, 4,3, 5,2, 3,3, 4,2, 3,5, 4,3, 1,1, 4,4, 3,3, 4,4, 4,4],\n",
        "[2,4, 5,2, 1,4, 5,5, 1,5, 2,5, 2,1, 2,3, 3,1, 5,1, 1,1, 5,5, 5,3, 1,5, 1,5, 1,2, 1,4, 1,1, 3,2, 5,4],\n",
        "[3,4, 2,2, 5,5, 1,2, 1,2, 1,4, 4,1, 2,2, 4,1, 2,2, 4,3, 3,4, 3,1, 2,4, 4,2, 1,2, 3,2, 2,2, 5,4, 4,2],\n",
        "[3,4, 3,3, 4,3, 2,3, 3,3, 4,3, 4,2, 3,3, 5,1, 1,5, 4,1, 3,4, 3,3, 3,5, 4,1, 1,2, 3,2, 4,3, 5,3, 4,2]]"
      ],
      "metadata": {
        "id": "lPanbzm-2DYf"
      },
      "execution_count": null,
      "outputs": []
    },
    {
      "cell_type": "code",
      "source": [
        "org_flu = [[3,3, 4,4, 4,3, 3,4, 4,4, 4,3, 4,4, 2,3, 4,3, 4,2, 3,3, 3,3, 4,4, 3,3, 4,4, 3,3, 4,4, 4,3, 4,4, 4,3],\n",
        "[1,1, 3,3, 4,3, 5,3, 3,4, 3,2, 3,3, 3,2, 2,3, 2,4, 4,2, 3,3, 3,2, 2,4, 4,3, 1,1, 4,4, 2,3, 4,1, 3,2],\n",
        "[3,1, 5,5, 5,4, 1,5, 3,5, 5,2, 4,5, 3,5, 3,4, 4,2, 5,2, 5,5, 3,2, 3,5, 5,4, 2,3, 3,4, 4,5, 5,3, 5,5],\n",
        "[3,3, 4,4, 4,3, 3,2, 3,5, 4,1, 3,4, 3,5, 3,3, 3,4, 4,3, 3,3, 3,2, 2,4, 4,3, 2,2, 2,3, 4,3, 3,3, 3,5],\n",
        "[3,5, 5,5, 5,4, 5,5, 4,3, 5,5, 3,3, 5,5, 4,3, 3,5, 3,2, 5,2, 5,3, 1,4, 2,5, 1,1, 3,5, 5,5, 5,1, 5,3],\n",
        "[2,2, 3,3, 2,2, 2,3, 4,4, 2,3, 4,4, 4,4, 3,3, 4,4, 3,3, 3,3, 3,3, 3,4, 2,2, 4,4, 2,4, 4,2, 4,1, 3,4],\n",
        "[4,5, 4,4, 4,4, 4,4, 3,4, 4,3, 4,4, 4,4, 5,3, 2,5, 4,3, 4,5, 4,4, 3,5, 4,5, 3,3, 4,3, 4,4, 5,2, 4,2]]"
      ],
      "metadata": {
        "id": "vgawosdj2PwX"
      },
      "execution_count": null,
      "outputs": []
    },
    {
      "cell_type": "code",
      "source": [
        "!pip install krippendorff"
      ],
      "metadata": {
        "colab": {
          "base_uri": "https://localhost:8080/"
        },
        "id": "xQQ3jTXvuKBk",
        "outputId": "4fe52b41-e07b-47e3-e930-e003212681a6"
      },
      "execution_count": null,
      "outputs": [
        {
          "output_type": "stream",
          "name": "stdout",
          "text": [
            "Looking in indexes: https://pypi.org/simple, https://us-python.pkg.dev/colab-wheels/public/simple/\n",
            "Collecting krippendorff\n",
            "  Downloading krippendorff-0.5.1-py3-none-any.whl (17 kB)\n",
            "Requirement already satisfied: numpy in /usr/local/lib/python3.7/dist-packages (from krippendorff) (1.21.6)\n",
            "Installing collected packages: krippendorff\n",
            "Successfully installed krippendorff-0.5.1\n"
          ]
        }
      ]
    },
    {
      "cell_type": "code",
      "source": [
        "#https://stackoverflow.com/questions/51919897/is-fleiss-kappa-a-reliable-measure-for-interannotator-agreement-the-following-r/70126472#70126472\n",
        "import numpy as np\n",
        "import krippendorff as kd \n",
        "print(kd.alpha(org, level_of_measurement='interval'))  #assuming nominal categories\n",
        "print(kd.alpha(org_em, level_of_measurement='interval'))\n",
        "print(kd.alpha(org_rel, level_of_measurement='interval'))\n",
        "print(kd.alpha(org_flu, level_of_measurement='interval'))"
      ],
      "metadata": {
        "colab": {
          "base_uri": "https://localhost:8080/"
        },
        "id": "QZq6kf-ktLJw",
        "outputId": "e927b065-4c1c-41eb-d0ed-744029f753cc"
      },
      "execution_count": null,
      "outputs": [
        {
          "output_type": "stream",
          "name": "stdout",
          "text": [
            "0.2555422726512665\n",
            "0.29079103012609153\n",
            "0.2781922797255857\n",
            "0.14935182257554547\n"
          ]
        }
      ]
    },
    {
      "cell_type": "code",
      "source": [
        "#adjacency matrix\n",
        "import copy\n",
        "import numpy as np\n",
        "import pandas as pd\n",
        "def kdkd(o):\n",
        "  return kd.alpha(o, level_of_measurement='interval')\n",
        "torg = copy.deepcopy(org)\n",
        "torg_em = copy.deepcopy(org_em) #temp, without affecting the origins\n",
        "torg_rel = copy.deepcopy(org_rel) #temp\n",
        "torg_flu = copy.deepcopy(org_flu) #temp\n",
        "torgs = [org, torg_em, torg_rel, torg_flu] #temp\n",
        "adorgs = []\n",
        "for i in range(len(torgs)):\n",
        "  ads = []\n",
        "  #calculating each org\n",
        "  for j in range(len(ttorgs[i])):\n",
        "    ttorgs = copy.deepcopy(torgs) #temp for temp\n",
        "    temp = ttorgs[i][j]\n",
        "    ad = []\n",
        "    for k in range(len(ttorgs[i])):\n",
        "      compared_to = ttorgs[i][k]\n",
        "      ad.append(round(kd.alpha([temp,compared_to]),2))\n",
        "    ads.append(ad)\n",
        "  print(ads)\n",
        "  admt = pd.DataFrame(ads)\n",
        "  print(admt)\n",
        "  adorgs.append(ads)\n",
        "  print(np.shape(adorgs))"
      ],
      "metadata": {
        "colab": {
          "base_uri": "https://localhost:8080/"
        },
        "id": "WUHEJasOBCoK",
        "outputId": "bb5da0d9-9efb-4c13-c9ca-5adc6069c9ee"
      },
      "execution_count": null,
      "outputs": [
        {
          "output_type": "stream",
          "name": "stdout",
          "text": [
            "[[1.0, 0.2, 0.37, 0.33, 0.11, 0.14, 0.16], [0.2, 1.0, 0.36, 0.4, 0.22, 0.3, 0.23], [0.37, 0.36, 1.0, 0.59, 0.23, 0.13, 0.3], [0.33, 0.4, 0.59, 1.0, 0.2, 0.18, 0.31], [0.11, 0.22, 0.23, 0.2, 1.0, 0.12, 0.19], [0.14, 0.3, 0.13, 0.18, 0.12, 1.0, 0.23], [0.16, 0.23, 0.3, 0.31, 0.19, 0.23, 1.0]]\n",
            "      0     1     2     3     4     5     6\n",
            "0  1.00  0.20  0.37  0.33  0.11  0.14  0.16\n",
            "1  0.20  1.00  0.36  0.40  0.22  0.30  0.23\n",
            "2  0.37  0.36  1.00  0.59  0.23  0.13  0.30\n",
            "3  0.33  0.40  0.59  1.00  0.20  0.18  0.31\n",
            "4  0.11  0.22  0.23  0.20  1.00  0.12  0.19\n",
            "5  0.14  0.30  0.13  0.18  0.12  1.00  0.23\n",
            "6  0.16  0.23  0.30  0.31  0.19  0.23  1.00\n",
            "(1, 7, 7)\n",
            "[[1.0, 0.32, 0.29, 0.25, 0.03, 0.39, -0.03], [0.32, 1.0, 0.55, 0.42, 0.25, 0.56, 0.23], [0.29, 0.55, 1.0, 0.63, 0.25, 0.36, 0.44], [0.25, 0.42, 0.63, 1.0, 0.24, 0.1, 0.37], [0.03, 0.25, 0.25, 0.24, 1.0, 0.14, 0.11], [0.39, 0.56, 0.36, 0.1, 0.14, 1.0, 0.11], [-0.03, 0.23, 0.44, 0.37, 0.11, 0.11, 1.0]]\n",
            "      0     1     2     3     4     5     6\n",
            "0  1.00  0.32  0.29  0.25  0.03  0.39 -0.03\n",
            "1  0.32  1.00  0.55  0.42  0.25  0.56  0.23\n",
            "2  0.29  0.55  1.00  0.63  0.25  0.36  0.44\n",
            "3  0.25  0.42  0.63  1.00  0.24  0.10  0.37\n",
            "4  0.03  0.25  0.25  0.24  1.00  0.14  0.11\n",
            "5  0.39  0.56  0.36  0.10  0.14  1.00  0.11\n",
            "6 -0.03  0.23  0.44  0.37  0.11  0.11  1.00\n",
            "(2, 7, 7)\n",
            "[[1.0, 0.25, 0.51, 0.58, 0.19, 0.13, 0.37], [0.25, 1.0, 0.38, 0.48, 0.16, 0.16, 0.36], [0.51, 0.38, 1.0, 0.66, 0.18, 0.02, 0.12], [0.58, 0.48, 0.66, 1.0, 0.21, 0.25, 0.34], [0.19, 0.16, 0.18, 0.21, 1.0, 0.15, -0.01], [0.13, 0.16, 0.02, 0.25, 0.15, 1.0, 0.52], [0.37, 0.36, 0.12, 0.34, -0.01, 0.52, 1.0]]\n",
            "      0     1     2     3     4     5     6\n",
            "0  1.00  0.25  0.51  0.58  0.19  0.13  0.37\n",
            "1  0.25  1.00  0.38  0.48  0.16  0.16  0.36\n",
            "2  0.51  0.38  1.00  0.66  0.18  0.02  0.12\n",
            "3  0.58  0.48  0.66  1.00  0.21  0.25  0.34\n",
            "4  0.19  0.16  0.18  0.21  1.00  0.15 -0.01\n",
            "5  0.13  0.16  0.02  0.25  0.15  1.00  0.52\n",
            "6  0.37  0.36  0.12  0.34 -0.01  0.52  1.00\n",
            "(3, 7, 7)\n",
            "[[1.0, -0.04, 0.23, 0.03, 0.04, -0.16, -0.08], [-0.04, 1.0, 0.13, 0.25, 0.2, 0.01, 0.06], [0.23, 0.13, 1.0, 0.41, 0.17, 0.02, 0.12], [0.03, 0.25, 0.41, 1.0, 0.13, 0.19, 0.03], [0.04, 0.2, 0.17, 0.13, 1.0, -0.08, 0.41], [-0.16, 0.01, 0.02, 0.19, -0.08, 1.0, -0.23], [-0.08, 0.06, 0.12, 0.03, 0.41, -0.23, 1.0]]\n",
            "      0     1     2     3     4     5     6\n",
            "0  1.00 -0.04  0.23  0.03  0.04 -0.16 -0.08\n",
            "1 -0.04  1.00  0.13  0.25  0.20  0.01  0.06\n",
            "2  0.23  0.13  1.00  0.41  0.17  0.02  0.12\n",
            "3  0.03  0.25  0.41  1.00  0.13  0.19  0.03\n",
            "4  0.04  0.20  0.17  0.13  1.00 -0.08  0.41\n",
            "5 -0.16  0.01  0.02  0.19 -0.08  1.00 -0.23\n",
            "6 -0.08  0.06  0.12  0.03  0.41 -0.23  1.00\n",
            "(4, 7, 7)\n"
          ]
        }
      ]
    },
    {
      "cell_type": "markdown",
      "source": [
        "NO VLT: 0.4003124662163341\n",
        "0.4462873332546333\n",
        "0.496268221574344\n",
        "0.22067483980888192"
      ],
      "metadata": {
        "id": "jsjj6CVc5HMw"
      }
    },
    {
      "cell_type": "code",
      "source": [
        "from statsmodels.stats import inter_rater as irr\n",
        "arr = np.array(org).transpose()\n",
        "arr_em = np.array(org_em).transpose()\n",
        "arr_rel = np.array(org_rel).transpose()\n",
        "arr_flu = np.array(org_flu).transpose()\n",
        "agg = irr.aggregate_raters(arr) # returns a tuple (data, categories)\n",
        "agg_em = irr.aggregate_raters(arr_em)\n",
        "agg_rel = irr.aggregate_raters(arr_rel)\n",
        "agg_flu = irr.aggregate_raters(arr_flu)\n",
        "print(irr.fleiss_kappa(agg[0], method='fleiss'))\n",
        "print(irr.fleiss_kappa(agg_em[0], method='fleiss'))\n",
        "print(irr.fleiss_kappa(agg_rel[0], method='fleiss'))\n",
        "print(irr.fleiss_kappa(agg_flu[0], method='fleiss'))"
      ],
      "metadata": {
        "colab": {
          "base_uri": "https://localhost:8080/"
        },
        "id": "Tqx39X8xB7gM",
        "outputId": "0f3c4b5f-4588-4134-eac1-d954441fa69c"
      },
      "execution_count": null,
      "outputs": [
        {
          "output_type": "stream",
          "name": "stdout",
          "text": [
            "0.06007085336737431\n",
            "0.05628424373235933\n",
            "0.07825690166552589\n",
            "0.01835695483752321\n"
          ]
        }
      ]
    }
  ]
}
